16050408 17412946
17302886 17712382
17670224 18050693
17963390 18491211
18279587 19139919
18570346 19144309
19091533 19633035
19467462 19952033
19805263 21000580
20139986 21323033
20882507 21341268
21213380 22392000
21956788 22394326
22323019 22761176
22595093 23693940
22920634 23693940
23217586 23724295
23533315 23877040
23826427 24265276
24124408 24986473
24499720 25091628
24908536 25310330
25253054 25662123
25624838 26164819
25906898 26281301
26249616 26745602
26590272 27117214
26905433 27296739
27238548 27620870
27520244 27832065
27803871 28167285
28115991 29562489
28598613 29613439
29101829 29652228
29500876 30869336
29878865 30955433
30291445 31063417
30720389 31552834
31074266 32630851
31490965 32663629
31932895 32665650
32328749 32830954
32690101 33107049
32983228 33512017
33364817 33807636
33717961 34109749
34025950 34434344
34338188 34988887
34671312 35234841
34933319 35401810
35224882 35865378
35541433 35918542
35887596 36599415
36278984 36683555
36639323 37074627
36957667 37348913
37291502 37681689
37594920 37978735
37921623 38712782
38285026 38860247
38680036 39576956
39110437 39653931
39452955 40374986
39774817 41078220
40150878 42692339
40608777 42792505
41056603 42870860
41489143 42871415
41902461 42872587
42316092 42874875
42702310 43500910
43058912 43573706
43394035 43898852
43696685 44419039
44028078 44430164
44380727 44715032
44685488 45015757
44977876 45416986
45251273 45657934
45521120 45896798
45853579 46351561
46195343 46833419
46521534 46851960
46817887 47159942
47094390 47494560
47383648 47931434
47653676 47982015
47924341 48272486
48211561 48644574
48500086 48841330
48758325 49167632
49018991 49281268
49253076 49552263
49477901 49753622
49694166 50116946
49942637 50485701
50244479 50931486
50598233 51243297
